the PlWin:0
the PcWin:0
the TotalWin:0
==============the 0 games==================
||  0||  0 ||  0||
||  0||  1 ||  0||
||  0||  0 ||  0||
=============================================================
==============the 0 games==================
||  0||  0 ||  0||
||  0||  1 ||  0||
|| -1||  0 ||  0||
=============================================================
==============the 0 games==================
||  1||  0 ||  0||
||  0||  1 ||  0||
|| -1||  0 ||  0||
=============================================================
==============the 0 games==================
||  1||  0 ||  0||
||  0||  1 ||  0||
|| -1||  0 || -1||
=============================================================
==============the 0 games==================
||  1||  1 ||  0||
||  0||  1 ||  0||
|| -1||  0 || -1||
=============================================================
==============the 0 games==================
||  1||  1 ||  0||
||  0||  1 ||  0||
|| -1|| -1 || -1||
=============================================================
the PlWin:0
the PcWin:1
the TotalWin:1
==============the 1 games==================
||  1||  0 ||  0||
||  0||  0 ||  0||
||  0||  0 ||  0||
=============================================================
==============the 1 games==================
||  1||  0 ||  0||
||  0|| -1 ||  0||
||  0||  0 ||  0||
=============================================================
==============the 1 games==================
||  1||  0 ||  0||
||  1|| -1 ||  0||
||  0||  0 ||  0||
=============================================================
==============the 1 games==================
||  1||  0 ||  0||
||  1|| -1 ||  0||
|| -1||  0 ||  0||
=============================================================
==============the 1 games==================
||  1||  0 ||  1||
||  1|| -1 ||  0||
|| -1||  0 ||  0||
=============================================================
==============the 1 games==================
||  1|| -1 ||  1||
||  1|| -1 ||  0||
|| -1||  0 ||  0||
=============================================================
==============the 1 games==================
||  1|| -1 ||  1||
||  1|| -1 ||  0||
|| -1||  1 ||  0||
=============================================================
==============the 1 games==================
||  1|| -1 ||  1||
||  1|| -1 || -1||
|| -1||  1 ||  0||
=============================================================
==============the 1 games==================
||  1|| -1 ||  1||
||  1|| -1 || -1||
|| -1||  1 ||  1||
=============================================================
the PlWin:0
the PcWin:1
the TotalWin:2
